<?xml version="1.0" encoding="utf-8"?>
<COLLADA xmlns="http://www.collada.org/2005/11/COLLADASchema" version="1.4.1">
  <asset>
    <contributor>
      <author>Mixamo</author>
      <authoring_tool>COLLADA Mixamo exporter</authoring_tool>
      <comments/>
    </contributor>
    <created>2023-01-06T16:29:01Z</created>
    <modified>2023-01-06T16:29:01Z</modified>
    <revision/>
    <title/>
    <unit meter="0.010000"/>
    <up_axis>Y_UP</up_axis>
  </asset>
  <library_animations>
    <animation id="mixamorig_Hips-anim" name="mixamorig_Hips">
      <source id="mixamorig_Hips-Matrix-animation-input">
        <float_array id="mixamorig_Hips-Matrix-animation-input-array" count="20">

0.000000 0.033333 0.066667 0.100000 0.133333 0.166667 0.200000 0.233333 0.266667 0.300000 0.333333 0.366667 0.400000 0.433333 0.466667 0.500000
0.533333 0.566667 0.600000 0.633333</float_array>
        <technique_common>
          <accessor source="#mixamorig_Hips-Matrix-animation-input-array" count="20">
            <param name="TIME" type="float"/>
          </accessor>
        </technique_common>
      </source>
      <source id="mixamorig_Hips-Matrix-animation-output-transform">
        <float_array id="mixamorig_Hips-Matrix-animation-output-transform-array" count="320">

0.991307 0.079064 -0.105163 0.374538 -0.092883 0.986652 -0.133757 74.523232 0.093184 0.142362 0.985419 1.792528 0.000000 0.000000 0.000000 1.000000
0.995088 0.041966 -0.089656 0.075970 -0.054539 0.988255 -0.142752 75.877991 0.082612 0.146940 0.985690 18.536131 0.000000 0.000000 0.000000 1.000000
0.997539 0.002496 -0.070067 -0.292196 -0.014472 0.985176 -0.170936 77.991623 0.068601 0.171529 0.982788 33.173325 0.000000 0.000000 0.000000 1.000000
0.998203 0.005199 -0.059697 -0.517381 -0.015776 0.983887 -0.178093 79.309822 0.057809 0.178715 0.982201 47.808693 0.000000 0.000000 0.000000 1.000000
0.999686 -0.000527 -0.025054 -0.674836 -0.003166 0.989112 -0.147132 78.804001 0.024858 0.147166 0.988799 61.847950 0.000000 0.000000 0.000000 1.000000
0.998626 -0.023922 0.046621 -0.520070 0.029201 0.992811 -0.116075 77.136314 -0.043509 0.117276 0.992146 76.349548 0.000000 0.000000 0.000000 1.000000
0.991486 -0.060821 0.115139 -0.325984 0.074170 0.990540 -0.115453 75.536720 -0.107028 0.123010 0.986617 91.689827 0.000000 0.000000 0.000000 1.000000
0.981260 -0.123369 0.148018 0.161830 0.144541 0.979253 -0.142024 73.631569 -0.127426 0.160757 0.978734 105.074333 0.000000 0.000000 0.000000 1.000000
0.976778 -0.139735 0.162414 0.141716 0.167808 0.970263 -0.174442 72.497856 -0.133209 0.197646 0.971180 120.947914 0.000000 0.000000 0.000000 1.000000
0.983724 -0.086225 0.157644 0.299708 0.117012 0.973221 -0.197859 73.625252 -0.136362 0.213085 0.967471 138.459183 0.000000 0.000000 0.000000 1.000000
0.986867 -0.040767 0.156307 0.676655 0.073183 0.975464 -0.207639 74.708740 -0.144007 0.216351 0.965637 156.965912 0.000000 0.000000 0.000000 1.000000
0.987749 -0.013572 0.155463 1.075085 0.046895 0.975981 -0.212750 76.961342 -0.148841 0.217434 0.964660 172.966263 0.000000 0.000000 0.000000 1.000000
0.989029 -0.006751 0.147565 1.029977 0.038466 0.976262 -0.213150 78.871872 -0.142623 0.216488 0.965811 188.019073 0.000000 0.000000 0.000000 1.000000
0.989527 -0.001484 0.144337 1.012031 0.030327 0.979765 -0.197841 79.746246 -0.141123 0.200147 0.969549 201.745026 0.000000 0.000000 0.000000 1.000000
0.991435 -0.006634 0.130431 0.947230 0.029154 0.984750 -0.171516 79.419586 -0.127304 0.173850 0.976509 216.681473 0.000000 0.000000 0.000000 1.000000
0.996251 -0.015989 0.085019 0.957000 0.029294 0.987063 -0.157635 78.088852 -0.081399 0.159534 0.983831 231.418945 0.000000 0.000000 0.000000 1.000000
0.999990 0.001353 -0.004181 0.840374 -0.002021 0.986449 -0.164054 77.217758 0.003902 0.164061 0.986442 247.157944 0.000000 0.000000 0.000000 1.000000
0.995778 0.044214 -0.080442 0.635326 -0.056724 0.985393 -0.160573 75.941521 0.072167 0.164458 0.983741 262.282135 0.000000 0.000000 0.000000 1.000000
0.990413 0.085211 -0.108727 0.632879 -0.100401 0.984631 -0.142901 74.553146 0.094879 0.152448 0.983747 277.178345 0.000000 0.000000 0.000000 1.000000
0.991307 0.079065 -0.105163 0.374539 -0.092883 0.986652 -0.133757 74.523224 0.093184 0.142362 0.985419 294.598297 0.000000 0.000000 0.000000 1.000000</float_array>
        <technique_common>
          <accessor source="#mixamorig_Hips-Matrix-animation-output-transform-array" count="20" stride="16">
            <param type="float4x4"/>
          </accessor>
        </technique_common>
      </source>
      <source id="mixamorig_Hips-Interpolations">
        <Name_array id="mixamorig_Hips-Interpolations-array" count="20">
 LINEAR LINEAR LINEAR LINEAR LINEAR LINEAR LINEAR LINEAR LINEAR LINEAR LINEAR
LINEAR LINEAR LINEAR LINEAR LINEAR LINEAR LINEAR LINEAR LINEAR</Name_array>
        <technique_common>
          <accessor source="#mixamorig_Hips-Interpolations-array" count="20">
            <param type="name"/>
          </accessor>
        </technique_common>
      </source>
      <sampler id="mixamorig_Hips-Matrix-animation-transform">
        <input semantic="INPUT" source="#mixamorig_Hips-Matrix-animation-input"/>
        <input semantic="OUTPUT" source="#mixamorig_Hips-Matrix-animation-output-transform"/>
        <input semantic="INTERPOLATION" source="#mixamorig_Hips-Interpolations"/>
      </sampler>
      <channel source="#mixamorig_Hips-Matrix-animation-transform" target="mixamorig_Hips/matrix"/>
    </animation>
    <animation id="mixamorig_Spine-anim" name="mixamorig_Spine">
      <source id="mixamorig_Spine-Matrix-animation-input">
        <float_array id="mixamorig_Spine-Matrix-animation-input-array" count="20">

0.000000 0.033333 0.066667 0.100000 0.133333 0.166667 0.200000 0.233333 0.266667 0.300000 0.333333 0.366667 0.400000 0.433333 0.466667 0.500000
0.533333 0.566667 0.600000 0.633333</float_array>
        <technique_common>
          <accessor source="#mixamorig_Spine-Matrix-animation-input-array" count="20">
            <param name="TIME" type="float"/>
          </accessor>
        </technique_common>
      </source>
      <source id="mixamorig_Spine-Matrix-animation-output-transform">
        <float_array id="mixamorig_Spine-Matrix-animation-output-transform-array" count="320">

0.966373 -0.033883 0.254902 -0.000000 0.096257 0.966876 -0.236400 7.722000 -0.238449 0.252987 0.937625 1.166200 0.000000 0.000000 0.000000 1.000000
0.960554 0.007132 0.278002 0.000000 0.040982 0.985126 -0.166877 7.722000 -0.275057 0.171687 0.945974 1.166200 0.000000 0.000000 0.000000 1.000000
0.957204 0.035486 0.287231 0.000000 -0.007949 0.995304 -0.096476 7.722000 -0.289306 0.090064 0.952990 1.166200 0.000000 0.000000 0.000000 1.000000
0.956290 0.019856 0.291745 -0.000000 0.001336 0.997385 -0.072258 7.722000 -0.292417 0.069490 0.953763 1.166200 0.000000 0.000000 0.000000 1.000000
0.968372 0.037523 0.246674 -0.000000 -0.005816 0.991754 -0.128027 7.722000 -0.249444 0.122543 0.960605 1.166200 0.000000 0.000000 0.000000 1.000000
0.985809 0.087149 0.143476 -0.000000 -0.056325 0.976856 -0.206348 7.722000 -0.158138 0.195339 0.967902 1.166200 0.000000 0.000000 0.000000 1.000000
0.990737 0.134560 0.018263 0.000000 -0.125308 0.957750 -0.258867 7.722000 -0.052325 0.254181 0.965740 1.166200 0.000000 0.000000 0.000000 1.000000
0.978408 0.184149 -0.093844 -0.000000 -0.202930 0.942038 -0.267179 7.722000 0.039204 0.280454 0.959067 1.166200 0.000000 0.000000 0.000000 1.000000
0.964163 0.192493 -0.182580 -0.000000 -0.229866 0.949721 -0.212585 7.722000 0.132479 0.246936 0.959933 1.166200 0.000000 0.000000 0.000000 1.000000
0.959224 0.145293 -0.242443 -0.000000 -0.176347 0.977978 -0.111625 7.722000 0.220886 0.149828 0.963723 1.166200 0.000000 0.000000 0.000000 1.000000
0.951656 0.094691 -0.292207 -0.000000 -0.103088 0.994581 -0.013438 7.722000 0.289351 0.042911 0.956261 1.166200 0.000000 0.000000 0.000000 1.000000
0.947475 0.054794 -0.315102 0.000000 -0.046515 0.998348 0.033741 7.722000 0.316430 -0.017312 0.948458 1.166200 0.000000 0.000000 0.000000 1.000000
0.949934 0.043330 -0.309433 0.000000 -0.033998 0.998792 0.035491 7.722000 0.310597 -0.023194 0.950259 1.166200 0.000000 0.000000 0.000000 1.000000
0.956193 0.035373 -0.290591 -0.000000 -0.035945 0.999348 0.003368 7.722000 0.290520 0.007224 0.956842 1.166200 0.000000 0.000000 0.000000 1.000000
0.970098 0.024277 -0.241498 0.000000 -0.039741 0.997445 -0.059369 7.722000 0.239440 0.067191 0.968583 1.166200 0.000000 0.000000 0.000000 1.000000
0.989089 0.007055 -0.147150 0.000000 -0.028997 0.988635 -0.147512 7.722000 0.144437 0.150169 0.978053 1.166200 0.000000 0.000000 0.000000 1.000000
0.999780 -0.018998 -0.008941 0.000000 0.016405 0.972556 -0.232092 7.722000 0.013105 0.231894 0.972653 1.166200 0.000000 0.000000 0.000000 1.000000
0.992199 -0.046441 0.115688 0.000000 0.077109 0.957822 -0.276822 7.722000 -0.097953 0.283584 0.953932 1.166200 0.000000 0.000000 0.000000 1.000000
0.976806 -0.060683 0.205349 0.000000 0.116906 0.954596 -0.274006 7.722000 -0.179398 0.291657 0.939549 1.166200 0.000000 0.000000 0.000000 1.000000
0.966373 -0.033884 0.254902 -0.000000 0.096257 0.966876 -0.236400 7.722000 -0.238449 0.252987 0.937625 1.166200 0.000000 0.000000 0.000000 1.000000</float_array>
        <technique_common>
          <accessor source="#mixamorig_Spine-Matrix-animation-output-transform-array" count="20" stride="16">
            <param type="float4x4"/>
          </accessor>
        </technique_common>
      </source>
      <source id="mixamorig_Spine-Interpolations">
        <Name_array id="mixamorig_Spine-Interpolations-array" count="20">
 LINEAR LINEAR LINEAR LINEAR LINEAR LINEAR LINEAR LINEAR LINEAR LINEAR LINEAR
LINEAR LINEAR LINEAR LINEAR LINEAR LINEAR LINEAR LINEAR LINEAR</Name_array>
        <technique_common>
          <accessor source="#mixamorig_Spine-Interpolations-array" count="20">
            <param type="name"/>
          </accessor>
        </technique_common>
      </source>
      <sampler id="mixamorig_Spine-Matrix-animation-transform">
        <input semantic="INPUT" source="#mixamorig_Spine-Matrix-animation-input"/>
        <input semantic="OUTPUT" source="#mixamorig_Spine-Matrix-animation-output-transform"/>
        <input semantic="INTERPOLATION" source="#mixamorig_Spine-Interpolations"/>
      </sampler>
      <channel source="#mixamorig_Spine-Matrix-animation-transform" target="mixamorig_Spine/matrix"/>
    </animation>
    <animation id="mixamorig_Spine1-anim" name="mixamorig_Spine1">
      <source id="mixamorig_Spine1-Matrix-animation-input">
        <float_array id="mixamorig_Spine1-Matrix-animation-input-array" count="20">

0.000000 0.033333 0.066667 0.100000 0.133333 0.166667 0.200000 0.233333 0.266667 0.300000 0.333333 0.366667 0.400000 0.433333 0.466667 0.500000
0.533333 0.566667 0.600000 0.633333</float_array>
        <technique_common>
          <accessor source="#mixamorig_Spine1-Matrix-animation-input-array" count="20">
            <param name="TIME" type="float"/>
          </accessor>
        </technique_common>
      </source>
      <source id="mixamorig_Spine1-Matrix-animation-output-transform">
        <float_array id="mixamorig_Spine1-Matrix-animation-output-transform-array" count="320">

0.999243 -0.024800 0.029980 0.000000 0.020947 0.992230 0.122638 12.026700 -0.032788 -0.121917 0.991999 -0.000000 0.000000 0.000000 0.000000 1.000000
0.999175 -0.022404 0.033885 0.000000 0.018964 0.994941 0.098657 12.026700 -0.035924 -0.097933 0.994544 0.000000 0.000000 0.000000 0.000000 1.000000
0.999249 -0.011374 0.037048 -0.000000 0.008653 0.997309 0.072804 12.026700 -0.037777 -0.072429 0.996658 -0.000000 0.000000 0.000000 0.000000 1.000000
0.999255 0.001472 0.038570 0.000000 -0.003870 0.998059 0.062159 12.026700 -0.038404 -0.062262 0.997321 0.000000 0.000000 0.000000 0.000000 1.000000
0.999478 -0.002269 0.032213 0.000000 0.000112 0.997765 0.066814 12.026700 -0.032293 -0.066775 0.997245 0.000000 0.000000 0.000000 0.000000 1.000000
0.999529 -0.025821 0.016590 0.000000 0.024334 0.996142 0.084316 12.026700 -0.018703 -0.083872 0.996301 -0.000000 0.000000 0.000000 0.000000 1.000000
0.998625 -0.052417 -0.001102 0.000000 0.052209 0.992287 0.112435 12.026700 -0.004800 -0.112338 0.993658 0.000000 0.000000 0.000000 0.000000 1.000000
0.997510 -0.068979 -0.014661 0.000000 0.070264 0.989873 0.123349 12.026700 0.006004 -0.124072 0.992255 0.000000 0.000000 0.000000 0.000000 1.000000
0.996741 -0.076592 -0.025314 0.000000 0.078651 0.992455 0.094060 12.026700 0.017919 -0.095744 0.995245 0.000000 0.000000 0.000000 0.000000 1.000000
0.996902 -0.070595 -0.034669 0.000000 0.072376 0.995962 0.053122 12.026700 0.030779 -0.055467 0.997986 0.000000 0.000000 0.000000 0.000000 1.000000
0.997688 -0.053967 -0.041317 -0.000000 0.055202 0.998043 0.029363 12.026700 0.039652 -0.031576 0.998715 -0.000000 0.000000 0.000000 0.000000 1.000000
0.998006 -0.045949 -0.043273 0.000000 0.046807 0.998723 0.019027 12.026700 0.042343 -0.021015 0.998882 0.000000 0.000000 0.000000 0.000000 1.000000
0.997777 -0.052099 -0.041555 0.000000 0.052784 0.998485 0.015558 12.026700 0.040682 -0.017717 0.999015 0.000000 0.000000 0.000000 0.000000 1.000000
0.997266 -0.062682 -0.039123 0.000000 0.063514 0.997772 0.020401 12.026700 0.037757 -0.022830 0.999026 0.000000 0.000000 0.000000 0.000000 1.000000
0.997285 -0.065332 -0.033972 0.000000 0.066574 0.997103 0.036796 12.026700 0.031469 -0.038957 0.998745 0.000000 0.000000 0.000000 0.000000 1.000000
0.998528 -0.049713 -0.021675 0.000000 0.050966 0.996792 0.061706 12.026700 0.018537 -0.062719 0.997859 0.000000 0.000000 0.000000 0.000000 1.000000
0.999602 -0.027891 -0.004268 -0.000000 0.028157 0.995800 0.087115 12.026700 0.001821 -0.087200 0.996189 -0.000000 0.000000 0.000000 0.000000 1.000000
0.999750 -0.018944 0.011859 -0.000000 0.017520 0.993724 0.110478 12.026700 -0.013878 -0.110243 0.993808 0.000000 0.000000 0.000000 0.000000 1.000000
0.999506 -0.021343 0.023070 0.000000 0.018246 0.991736 0.126993 12.026700 -0.025589 -0.126509 0.991635 0.000000 0.000000 0.000000 0.000000 1.000000
0.999243 -0.024800 0.029980 0.000000 0.020947 0.992230 0.122638 12.026700 -0.032788 -0.121917 0.991999 -0.000000 0.000000 0.000000 0.000000 1.000000</float_array>
        <technique_common>
          <accessor source="#mixamorig_Spine1-Matrix-animation-output-transform-array" count="20" stride="16">
            <param type="float4x4"/>
          </accessor>
        </technique_common>
      </source>
      <source id="mixamorig_Spine1-Interpolations">
        <Name_array id="mixamorig_Spine1-Interpolations-array" count="20">
 LINEAR LINEAR LINEAR LINEAR LINEAR LINEAR LINEAR LINEAR LINEAR LINEAR LINEAR
LINEAR LINEAR LINEAR LINEAR LINEAR LINEAR LINEAR LINEAR LINEAR</Name_array>
        <technique_common>
          <accessor source="#mixamorig_Spine1-Interpolations-array" count="20">
            <param type="name"/>
          </accessor>
        </technique_common>
      </source>
      <sampler id="mixamorig_Spine1-Matrix-animation-transform">
        <input semantic="INPUT" source="#mixamorig_Spine1-Matrix-animation-input"/>
        <input semantic="OUTPUT" source="#mixamorig_Spine1-Matrix-animation-output-transform"/>
        <input semantic="INTERPOLATION" source="#mixamorig_Spine1-Interpolations"/>
      </sampler>
      <channel source="#mixamorig_Spine1-Matrix-animation-transform" target="mixamorig_Spine1/matrix"/>
    </animation>
    <animation id="mixamorig_Spine2-anim" name="mixamorig_Spine2">
      <source id="mixamorig_Spine2-Matrix-animation-input">
        <float_array id="mixamorig_Spine2-Matrix-animation-input-array" count="20">

0.000000 0.033333 0.066667 0.100000 0.133333 0.166667 0.200000 0.233333 0.266667 0.300000 0.333333 0.366667 0.400000 0.433333 0.466667 0.500000
0.533333 0.566667 0.600000 0.633333</float_array>
        <technique_common>
          <accessor source="#mixamorig_Spine2-Matrix-animation-input-array" count="20">
            <param name="TIME" type="float"/>
          </accessor>
        </technique_common>
      </source>
      <source id="mixamorig_Spine2-Matrix-animation-output-transform">
        <float_array id="mixamorig_Spine2-Matrix-animation-output-transform-array" count="320">

0.999290 -0.021294 0.031079 0.000000 0.020799 0.999653 0.016167 11.513500 -0.031413 -0.015509 0.999386 0.000000 0.000000 0.000000 0.000000 1.000000
0.999221 -0.018706 0.034738 0.000000 0.018949 0.999798 -0.006686 11.513500 -0.034606 0.007339 0.999374 0.000000 0.000000 0.000000 0.000000 1.000000
0.999258 -0.008614 0.037537 0.000000 0.009812 0.999445 -0.031828 11.513500 -0.037242 0.032172 0.998788 0.000000 0.000000 0.000000 0.000000 1.000000
0.999260 0.003009 0.038336 0.000000 -0.001323 0.999034 -0.043931 11.513500 -0.038432 0.043848 0.998299 0.000000 0.000000 0.000000 0.000000 1.000000
0.999489 -0.001088 0.031947 -0.000000 0.002370 0.999192 -0.040117 11.513500 -0.031877 0.040172 0.998684 0.000000 0.000000 0.000000 0.000000 1.000000
0.999557 -0.023862 0.017789 -0.000000 0.024220 0.999503 -0.020201 11.513500 -0.017298 0.020623 0.999638 -0.000000 0.000000 0.000000 0.000000 1.000000
0.998673 -0.051478 0.001280 0.000000 0.051466 0.998643 0.008018 11.513500 -0.001691 -0.007941 0.999967 -0.000000 0.000000 0.000000 0.000000 1.000000
0.997414 -0.070879 -0.011866 0.000000 0.071069 0.997337 0.016395 11.513500 0.010672 -0.017196 0.999795 -0.000000 0.000000 0.000000 0.000000 1.000000
0.996714 -0.078104 -0.021468 -0.000000 0.077712 0.996804 -0.018520 11.513500 0.022846 0.016791 0.999598 0.000000 0.000000 0.000000 0.000000 1.000000
0.997044 -0.070676 -0.030134 0.000000 0.068108 0.994538 -0.079097 11.513500 0.035560 0.076810 0.996411 0.000000 0.000000 0.000000 0.000000 1.000000
0.997841 -0.053959 -0.037451 0.000000 0.048713 0.990434 -0.129106 11.513500 0.044059 0.127003 0.990923 0.000000 0.000000 0.000000 0.000000 1.000000
0.998209 -0.044020 -0.040515 0.000000 0.037248 0.987226 -0.154908 11.513500 0.046816 0.153122 0.987098 0.000000 0.000000 0.000000 0.000000 1.000000
0.998012 -0.049291 -0.039275 -0.000000 0.042335 0.985944 -0.161623 11.513500 0.046689 0.159639 0.986071 -0.000000 0.000000 0.000000 0.000000 1.000000
0.997474 -0.061174 -0.036089 0.000000 0.055130 0.987203 -0.149637 11.513500 0.044781 0.147269 0.988082 -0.000000 0.000000 0.000000 0.000000 1.000000
0.997507 -0.063773 -0.030218 0.000000 0.059950 0.991682 -0.113898 11.513500 0.037230 0.111803 0.993033 0.000000 0.000000 0.000000 0.000000 1.000000
0.998568 -0.050077 -0.018820 0.000000 0.048792 0.996791 -0.063463 11.513500 0.021937 0.062454 0.997807 0.000000 0.000000 0.000000 0.000000 1.000000
0.999509 -0.031199 -0.002786 0.000000 0.031137 0.999315 -0.020020 11.513500 0.003409 0.019923 0.999796 0.000000 0.000000 0.000000 0.000000 1.000000
0.999697 -0.020906 0.012988 0.000000 0.020814 0.999758 0.007174 11.513500 -0.013135 -0.006902 0.999890 0.000000 0.000000 0.000000 0.000000 1.000000
0.999507 -0.019887 0.024299 0.000000 0.019378 0.999592 0.020993 11.513500 -0.024707 -0.020512 0.999484 0.000000 0.000000 0.000000 0.000000 1.000000
0.999290 -0.021294 0.031079 0.000000 0.020799 0.999653 0.016167 11.513500 -0.031413 -0.015509 0.999386 0.000000 0.000000 0.000000 0.000000 1.000000</float_array>
        <technique_common>
          <accessor source="#mixamorig_Spine2-Matrix-animation-output-transform-array" count="20" stride="16">
            <param type="float4x4"/>
          </accessor>
        </technique_common>
      </source>
      <source id="mixamorig_Spine2-Interpolations">
        <Name_array id="mixamorig_Spine2-Interpolations-array" count="20">
 LINEAR LINEAR LINEAR LINEAR LINEAR LINEAR LINEAR LINEAR LINEAR LINEAR LINEAR
LINEAR LINEAR LINEAR LINEAR LINEAR LINEAR LINEAR LINEAR LINEAR</Name_array>
        <technique_common>
          <accessor source="#mixamorig_Spine2-Interpolations-array" count="20">
            <param type="name"/>
          </accessor>
        </technique_common>
      </source>
      <sampler id="mixamorig_Spine2-Matrix-animation-transform">
        <input semantic="INPUT" source="#mixamorig_Spine2-Matrix-animation-input"/>
        <input semantic="OUTPUT" source="#mixamorig_Spine2-Matrix-animation-output-transform"/>
        <input semantic="INTERPOLATION" source="#mixamorig_Spine2-Interpolations"/>
      </sampler>
      <channel source="#mixamorig_Spine2-Matrix-animation-transform" target="mixamorig_Spine2/matrix"/>
    </animation>
    <animation id="mixamorig_Neck-anim" name="mixamorig_Neck">
      <source id="mixamorig_Neck-Matrix-animation-input">
        <float_array id="mixamorig_Neck-Matrix-animation-input-array" count="20">

0.000000 0.033333 0.066667 0.100000 0.133333 0.166667 0.200000 0.233333 0.266667 0.300000 0.333333 0.366667 0.400000 0.433333 0.466667 0.500000
0.533333 0.566667 0.600000 0.633333</float_array>
        <technique_common>
          <accessor source="#mixamorig_Neck-Matrix-animation-input-array" count="20">
            <param name="TIME" type="float"/>
          </accessor>
        </technique_common>
      </source>
      <source id="mixamorig_Neck-Matrix-animation-output-transform">
        <float_array id="mixamorig_Neck-Matrix-animation-output-transform-array" count="320">

0.997638 0.053298 -0.043326 -0.000000 -0.056500 0.995476 -0.076387 18.430700 0.039059 0.078654 0.996136 -3.123100 0.000000 0.000000 0.000000 1.000000
0.997311 0.049108 -0.054404 -0.000000 -0.054384 0.993483 -0.100173 18.430700 0.049131 0.102862 0.993482 -3.123100 0.000000 0.000000 0.000000 1.000000
0.997083 0.045154 -0.061533 0.000000 -0.050623 0.994615 -0.090430 18.430700 0.057118 0.093281 0.994000 -3.123100 0.000000 0.000000 0.000000 1.000000
0.996757 0.048899 -0.063912 0.000000 -0.052870 0.996675 -0.062000 18.430700 0.060667 0.065178 0.996028 -3.123100 0.000000 0.000000 0.000000 1.000000
0.995863 0.068002 -0.060279 0.000000 -0.070622 0.996600 -0.042446 18.430700 0.057188 0.046527 0.997279 -3.123100 0.000000 0.000000 0.000000 1.000000
0.994636 0.089707 -0.051491 -0.000000 -0.091971 0.994814 -0.043422 18.430700 0.047329 0.047925 0.997729 -3.123100 0.000000 0.000000 0.000000 1.000000
0.994640 0.095922 -0.038607 0.000000 -0.097871 0.993827 -0.052241 18.430700 0.033358 0.055739 0.997888 -3.123100 0.000000 0.000000 0.000000 1.000000
0.996559 0.079799 -0.022407 0.000000 -0.080795 0.995585 -0.047784 18.430700 0.018495 0.049430 0.998606 -3.123100 0.000000 0.000000 0.000000 1.000000
0.998655 0.051652 -0.004504 0.000000 -0.051756 0.998294 -0.027033 18.430700 0.003100 0.027230 0.999624 -3.123100 0.000000 0.000000 0.000000 1.000000
0.999509 0.028960 0.011937 0.000000 -0.028894 0.999566 -0.005667 18.430700 -0.012096 0.005319 0.999913 -3.123100 0.000000 0.000000 0.000000 1.000000
0.999507 0.020664 0.023652 0.000000 -0.020779 0.999773 0.004617 18.430700 -0.023551 -0.005106 0.999710 -3.123100 0.000000 0.000000 0.000000 1.000000
0.999336 0.021562 0.029367 0.000000 -0.021808 0.999729 0.008093 18.430700 -0.029184 -0.008728 0.999536 -3.123100 0.000000 0.000000 0.000000 1.000000
0.999316 0.021724 0.029918 -0.000000 -0.022144 0.999660 0.013776 18.430700 -0.029608 -0.014429 0.999457 -3.123100 0.000000 0.000000 0.000000 1.000000
0.999471 0.018756 0.026575 0.000000 -0.019365 0.999551 0.022874 18.430700 -0.026134 -0.023376 0.999385 -3.123100 0.000000 0.000000 0.000000 1.000000
0.999633 0.018272 0.019987 0.000000 -0.018884 0.999346 0.030853 18.430700 -0.019410 -0.031219 0.999324 -3.123100 0.000000 0.000000 0.000000 1.000000
0.999631 0.025008 0.010565 0.000000 -0.025352 0.999107 0.033806 18.430700 -0.009710 -0.034061 0.999373 -3.123100 0.000000 0.000000 0.000000 1.000000
0.999300 0.037395 -0.001129 0.000000 -0.037349 0.998912 0.027921 18.430700 0.002172 -0.027860 0.999609 -3.123100 0.000000 0.000000 0.000000 1.000000
0.998672 0.049430 -0.014514 0.000000 -0.049315 0.998750 0.008158 18.430700 0.014899 -0.007432 0.999861 -3.123100 0.000000 0.000000 0.000000 1.000000
0.998074 0.054768 -0.029129 0.000000 -0.055647 0.997992 -0.030258 18.430700 0.027413 0.031820 0.999118 -3.123100 0.000000 0.000000 0.000000 1.000000
0.997638 0.053298 -0.043326 0.000000 -0.056499 0.995476 -0.076387 18.430700 0.039059 0.078654 0.996136 -3.123100 0.000000 0.000000 0.000000 1.000000</float_array>
        <technique_common>
          <accessor source="#mixamorig_Neck-Matrix-animation-output-transform-array" count="20" stride="16">
            <param type="float4x4"/>
          </accessor>
        </technique_common>
      </source>
      <source id="mixamorig_Neck-Interpolations">
        <Name_array id="mixamorig_Neck-Interpolations-array" count="20">
 LINEAR LINEAR LINEAR LINEAR LINEAR LINEAR LINEAR LINEAR LINEAR LINEAR LINEAR
LINEAR LINEAR LINEAR LINEAR LINEAR LINEAR LINEAR LINEAR LINEAR</Name_array>
        <technique_common>
          <accessor source="#mixamorig_Neck-Interpolations-array" count="20">
            <param type="name"/>
          </accessor>
        </technique_common>
      </source>
      <sampler id="mixamorig_Neck-Matrix-animation-transform">
        <input semantic="INPUT" source="#mixamorig_Neck-Matrix-animation-input"/>
        <input semantic="OUTPUT" source="#mixamorig_Neck-Matrix-animation-output-transform"/>
        <input semantic="INTERPOLATION" source="#mixamorig_Neck-Interpolations"/>
      </sampler>
      <channel source="#mixamorig_Neck-Matrix-animation-transform" target="mixamorig_Neck/matrix"/>
    </animation>
    <animation id="mixamorig_Head-anim" name="mixamorig_Head">
      <source id="mixamorig_Head-Matrix-animation-input">
        <float_array id="mixamorig_Head-Matrix-animation-input-array" count="20">

0.000000 0.033333 0.066667 0.100000 0.133333 0.166667 0.200000 0.233333 0.266667 0.300000 0.333333 0.366667 0.400000 0.433333 0.466667 0.500000
0.533333 0.566667 0.600000 0.633333</float_array>
        <technique_common>
          <accessor source="#mixamorig_Head-Matrix-animation-input-array" count="20">
            <param name="TIME" type="float"/>
          </accessor>
        </technique_common>
      </source>
      <source id="mixamorig_Head-Matrix-animation-output-transform">
        <float_array id="mixamorig_Head-Matrix-animation-output-transform-array" count="320">

0.993232 0.004900 -0.116040 0.000000 0.034669 0.941052 0.336481 9.051100 0.110849 -0.338227 0.934513 1.034000 0.000000 0.000000 0.000000 1.000000
0.984829 0.005854 -0.173431 -0.000000 0.047659 0.951873 0.302764 9.051100 0.166857 -0.306436 0.937153 1.034000 0.000000 0.000000 0.000000 1.000000
0.977517 0.008230 -0.210696 0.000000 0.051256 0.959990 0.275302 9.051100 0.204532 -0.279912 0.937985 1.034000 0.000000 0.000000 0.000000 1.000000
0.974699 0.004843 -0.223471 0.000000 0.057342 0.960889 0.270932 9.051100 0.216043 -0.276892 0.936299 1.034000 0.000000 0.000000 0.000000 1.000000
0.977395 -0.002644 -0.211406 0.000000 0.064649 0.955764 0.286941 9.051100 0.201295 -0.294122 0.934330 1.034000 0.000000 0.000000 0.000000 1.000000
0.983545 -0.010656 -0.180348 0.000000 0.069123 0.944499 0.321160 9.051100 0.166916 -0.328341 0.929694 1.034000 0.000000 0.000000 0.000000 1.000000
0.990516 -0.018776 -0.136111 0.000000 0.067429 0.929555 0.362466 9.051100 0.119717 -0.368206 0.922004 1.034000 0.000000 0.000000 0.000000 1.000000
0.997018 -0.021193 -0.074200 0.000000 0.048622 0.919199 0.390781 9.051100 0.059923 -0.393223 0.917488 1.034000 0.000000 0.000000 0.000000 1.000000
0.999854 -0.014093 0.009654 0.000000 0.009249 0.921757 0.387658 9.051100 -0.014362 -0.387512 0.921753 1.034000 0.000000 0.000000 0.000000 1.000000
0.995111 -0.002489 0.098733 0.000000 -0.032423 0.936046 0.350381 9.051100 -0.093291 -0.351869 0.931389 1.034000 0.000000 0.000000 0.000000 1.000000
0.986898 0.006314 0.161220 -0.000000 -0.054802 0.952945 0.298147 9.051100 -0.151751 -0.303076 0.940806 1.034000 0.000000 0.000000 0.000000 1.000000
0.982845 0.011978 0.184042 0.000000 -0.060791 0.963162 0.261959 9.051100 -0.174124 -0.268653 0.947368 1.034000 0.000000 0.000000 0.000000 1.000000
0.983236 0.021029 0.181120 0.000000 -0.068906 0.962521 0.262309 9.051100 -0.168815 -0.270392 0.947834 1.034000 0.000000 0.000000 0.000000 1.000000
0.985799 0.034980 0.164246 0.000000 -0.082287 0.953215 0.290879 9.051100 -0.146387 -0.300263 0.942557 1.034000 0.000000 0.000000 0.000000 1.000000
0.990290 0.045709 0.131290 0.000000 -0.085803 0.944024 0.318522 9.051100 -0.109382 -0.326694 0.938779 1.034000 0.000000 0.000000 0.000000 1.000000
0.995242 0.047105 0.085285 0.000000 -0.072655 0.942037 0.327547 9.051100 -0.064913 -0.332185 0.940978 1.034000 0.000000 0.000000 0.000000 1.000000
0.998437 0.039398 0.039638 0.000000 -0.050259 0.943151 0.328543 9.051100 -0.024441 -0.330022 0.943657 1.034000 0.000000 0.000000 0.000000 1.000000
0.999691 0.024814 -0.001696 0.000000 -0.022785 0.941003 0.337629 9.051100 0.009974 -0.337486 0.941278 1.034000 0.000000 0.000000 0.000000 1.000000
0.998552 0.010984 -0.052669 0.000000 0.008139 0.936828 0.349696 9.051100 0.053183 -0.349618 0.935382 1.034000 0.000000 0.000000 0.000000 1.000000
0.993232 0.004900 -0.116040 -0.000000 0.034669 0.941052 0.336481 9.051100 0.110849 -0.338227 0.934513 1.034000 0.000000 0.000000 0.000000 1.000000</float_array>
        <technique_common>
          <accessor source="#mixamorig_Head-Matrix-animation-output-transform-array" count="20" stride="16">
            <param type="float4x4"/>
          </accessor>
        </technique_common>
      </source>
      <source id="mixamorig_Head-Interpolations">
        <Name_array id="mixamorig_Head-Interpolations-array" count="20">
 LINEAR LINEAR LINEAR LINEAR LINEAR LINEAR LINEAR LINEAR LINEAR LINEAR LINEAR
LINEAR LINEAR LINEAR LINEAR LINEAR LINEAR LINEAR LINEAR LINEAR</Name_array>
        <technique_common>
          <accessor source="#mixamorig_Head-Interpolations-array" count="20">
            <param type="name"/>
          </accessor>
        </technique_common>
      </source>
      <sampler id="mixamorig_Head-Matrix-animation-transform">
        <input semantic="INPUT" source="#mixamorig_Head-Matrix-animation-input"/>
        <input semantic="OUTPUT" source="#mixamorig_Head-Matrix-animation-output-transform"/>
        <input semantic="INTERPOLATION" source="#mixamorig_Head-Interpolations"/>
      </sampler>
      <channel source="#mixamorig_Head-Matrix-animation-transform" target="mixamorig_Head/matrix"/>
    </animation>
    <animation id="mixamorig_LeftShoulder-anim" name="mixamorig_LeftShoulder">
      <source id="mixamorig_LeftShoulder-Matrix-animation-input">
        <float_array id="mixamorig_LeftShoulder-Matrix-animation-input-array" count="20">

0.000000 0.033333 0.066667 0.100000 0.133333 0.166667 0.200000 0.233333 0.266667 0.300000 0.333333 0.366667 0.400000 0.433333 0.466667 0.500000
0.533333 0.566667 0.600000 0.633333</float_array>
        <technique_common>
          <accessor source="#mixamorig_LeftShoulder-Matrix-animation-input-array" count="20">
            <param name="TIME" type="float"/>
          </accessor>
        </technique_common>
      </source>
      <source id="mixamorig_LeftShoulder-Matrix-animation-output-transform">
        <float_array id="mixamorig_LeftShoulder-Matrix-animation-output-transform-array" count="320">

0.142762 0.987253 -0.070362 6.200000 0.045733 -0.077595 -0.995936 13.477800 -0.988700 0.138963 -0.056228 -5.751900 0.000000 0.000000 0.000000 1.000000
0.138280 0.988933 -0.053756 6.200000 0.044220 -0.060388 -0.997195 13.477800 -0.989405 0.135515 -0.052081 -5.751900 0.000000 0.000000 0.000000 1.000000
0.136461 0.989668 -0.043998 6.200000 0.043519 -0.050360 -0.997783 13.477800 -0.989689 0.134244 -0.049942 -5.751900 0.000000 0.000000 0.000000 1.000000
0.147426 0.986891 -0.065660 6.200000 0.046665 -0.073252 -0.996221 13.477800 -0.987972 0.143805 -0.056853 -5.751900 0.000000 0.000000 0.000000 1.000000
0.171150 0.978448 -0.115531 6.200000 0.053100 -0.126251 -0.990576 13.477800 -0.983813 0.163402 -0.073564 -5.751900 0.000000 0.000000 0.000000 1.000000
0.196871 0.968163 -0.154603 6.200000 0.059522 -0.169201 -0.983783 13.477800 -0.978621 0.184476 -0.090938 -5.751900 0.000000 0.000000 0.000000 1.000000
0.210700 0.962821 -0.169062 6.200000 0.062795 -0.185918 -0.980557 13.477800 -0.975532 0.195987 -0.099633 -5.751900 0.000000 0.000000 0.000000 1.000000
0.182960 0.971375 -0.151513 6.200000 0.057079 -0.164350 -0.984749 13.477800 -0.981462 0.171521 -0.085515 -5.751900 0.000000 0.000000 0.000000 1.000000
0.122957 0.986271 -0.110233 6.200000 0.043385 -0.116312 -0.992265 13.477800 -0.991463 0.117224 -0.057091 -5.751900 0.000000 0.000000 0.000000 1.000000
0.066744 0.996087 -0.057923 6.200000 0.029937 -0.060025 -0.997748 13.477800 -0.997321 0.064860 -0.033826 -5.751900 0.000000 0.000000 0.000000 1.000000
0.028043 0.999341 -0.023059 6.200000 0.020316 -0.023633 -0.999514 13.477800 -0.999400 0.027561 -0.020965 -5.751900 0.000000 0.000000 0.000000 1.000000
0.020433 0.999519 -0.023327 6.200000 0.018741 -0.023711 -0.999543 13.477800 -0.999616 0.019987 -0.019217 -5.751900 0.000000 0.000000 0.000000 1.000000
0.040591 0.998523 -0.036102 6.200000 0.023547 -0.037078 -0.999035 13.477800 -0.998898 0.039702 -0.025017 -5.751900 0.000000 0.000000 0.000000 1.000000
0.071422 0.995994 -0.053799 6.200000 0.030902 -0.056120 -0.997946 13.477800 -0.996967 0.069612 -0.034787 -5.751900 0.000000 0.000000 0.000000 1.000000
0.099489 0.992199 -0.075115 6.200000 0.037260 -0.079152 -0.996166 13.477800 -0.994341 0.096308 -0.044844 -5.751900 0.000000 0.000000 0.000000 1.000000
0.122732 0.988280 -0.090772 6.200000 0.042440 -0.096606 -0.994417 13.477800 -0.991532 0.118194 -0.053799 -5.751900 0.000000 0.000000 0.000000 1.000000
0.150602 0.982711 -0.107692 6.200000 0.049039 -0.116227 -0.992011 13.477800 -0.987377 0.144118 -0.065695 -5.751900 0.000000 0.000000 0.000000 1.000000
0.164771 0.979724 -0.113984 6.200000 0.052166 -0.124057 -0.990903 13.477800 -0.984951 0.157326 -0.071549 -5.751900 0.000000 0.000000 0.000000 1.000000
0.151946 0.984140 -0.091551 6.200000 0.048707 -0.099969 -0.993798 13.477800 -0.987188 0.146545 -0.063124 -5.751900 0.000000 0.000000 0.000000 1.000000
0.142761 0.987253 -0.070362 6.200000 0.045733 -0.077594 -0.995936 13.477800 -0.988700 0.138963 -0.056228 -5.751900 0.000000 0.000000 0.000000 1.000000</float_array>
        <technique_common>
          <accessor source="#mixamorig_LeftShoulder-Matrix-animation-output-transform-array" count="20" stride="16">
            <param type="float4x4"/>
          </accessor>
        </technique_common>
      </source>
      <source id="mixamorig_LeftShoulder-Interpolations">
        <Name_array id="mixamorig_LeftShoulder-Interpolations-array" count="20">
 LINEAR LINEAR LINEAR LINEAR LINEAR LINEAR LINEAR LINEAR LINEAR LINEAR LINEAR
LINEAR LINEAR LINEAR LINEAR LINEAR LINEAR LINEAR LINEAR LINEAR</Name_array>
        <technique_common>
          <accessor source="#mixamorig_LeftShoulder-Interpolations-array" count="20">
            <param type="name"/>
          </accessor>
        </technique_common>
      </source>
      <sampler id="mixamorig_LeftShoulder-Matrix-animation-transform">
        <input semantic="INPUT" source="#mixamorig_LeftShoulder-Matrix-animation-input"/>
        <input semantic="OUTPUT" source="#mixamorig_LeftShoulder-Matrix-animation-output-transform"/>
        <input semantic="INTERPOLATION" source="#mixamorig_LeftShoulder-Interpolations"/>
      </sampler>
      <channel source="#mixamorig_LeftShoulder-Matrix-animation-transform" target="mixamorig_LeftShoulder/matrix"/>
    </animation>
    <animation id="mixamorig_LeftArm-anim" name="mixamorig_LeftArm">
      <source id="mixamorig_LeftArm-Matrix-animation-input">
        <float_array id="mixamorig_LeftArm-Matrix-animation-input-array" count="20">

0.000000 0.033333 0.066667 0.100000 0.133333 0.166667 0.200000 0.233333 0.266667 0.300000 0.333333 0.366667 0.400000 0.433333 0.466667 0.500000
0.533333 0.566667 0.600000 0.633333</float_array>
        <technique_common>
          <accessor source="#mixamorig_LeftArm-Matrix-animation-input-array" count="20">
            <param name="TIME" type="float"/>
          </accessor>
        </technique_common>
      </source>
      <source id="mixamorig_LeftArm-Matrix-animation-output-transform">
        <float_array id="mixamorig_LeftArm-Matrix-animation-output-transform-array" count="320">

0.473012 0.806613 0.354450 0.000000 -0.063183 0.432320 -0.899504 7.776000 -0.878787 0.403081 0.255457 0.000000 0.000000 0.000000 0.000000 1.000000
0.361523 0.859076 0.362339 -0.000000 -0.139900 0.434207 -0.889883 7.776000 -0.921807 0.271022 0.277160 0.000000 0.000000 0.000000 0.000000 1.000000
0.365257 0.873424 0.322052 0.000000 -0.183865 0.406828 -0.894810 7.776000 -0.912568 0.267621 0.309189 0.000000 0.000000 0.000000 0.000000 1.000000
0.479529 0.843195 0.243052 0.000000 -0.203410 0.376236 -0.903920 7.776000 -0.853625 0.384017 0.351930 0.000000 0.000000 0.000000 0.000000 1.000000
0.633948 0.757822 0.154321 -0.000000 -0.206070 0.357850 -0.910757 7.776000 -0.745416 0.545572 0.383023 0.000000 0.000000 0.000000 0.000000 1.000000
0.773070 0.624476 0.111319 0.000000 -0.167871 0.370651 -0.913475 7.776000 -0.611704 0.687493 0.391371 0.000000 0.000000 0.000000 0.000000 1.000000
0.901260 0.416236 0.120329 0.000000 -0.078251 0.429516 -0.899663 7.776000 -0.426155 0.801414 0.419676 0.000000 0.000000 0.000000 0.000000 1.000000
0.991211 0.077459 0.107241 0.000000 0.056613 0.484298 -0.873070 7.776000 -0.119563 0.871468 0.475656 0.000000 0.000000 0.000000 0.000000 1.000000
0.950491 -0.310701 0.005577 0.000000 0.163575 0.484984 -0.859089 7.776000 0.264215 0.817469 0.511796 -0.000000 0.000000 0.000000 0.000000 1.000000
0.817280 -0.558454 -0.142067 0.000000 0.197754 0.503384 -0.841129 7.776000 0.541246 0.659344 0.521842 0.000000 0.000000 0.000000 0.000000 1.000000
0.728827 -0.641428 -0.239543 0.000000 0.230895 0.559604 -0.795946 7.776000 0.644592 0.524798 0.555957 0.000000 0.000000 0.000000 0.000000 1.000000
0.727646 -0.645611 -0.231772 0.000000 0.292538 0.597685 -0.746454 7.776000 0.620445 0.475352 0.623769 0.000000 0.000000 0.000000 0.000000 1.000000
0.810082 -0.577063 -0.103760 0.000000 0.329685 0.594660 -0.733271 7.776000 0.484845 0.559802 0.671972 0.000000 0.000000 0.000000 0.000000 1.000000
0.921340 -0.377161 0.094250 0.000000 0.305880 0.553665 -0.774527 7.776000 0.239938 0.742431 0.625480 0.000000 0.000000 0.000000 0.000000 1.000000
0.965763 -0.083864 0.245498 -0.000000 0.254791 0.484715 -0.836739 7.776000 -0.048825 0.870642 0.489488 0.000000 0.000000 0.000000 0.000000 1.000000
0.940806 0.188707 0.281556 0.000000 0.178154 0.431370 -0.884410 7.776000 -0.288349 0.882219 0.372216 0.000000 0.000000 0.000000 0.000000 1.000000
0.884448 0.397797 0.243948 0.000000 0.074128 0.396366 -0.915095 7.776000 -0.460714 0.827437 0.321077 0.000000 0.000000 0.000000 0.000000 1.000000
0.794629 0.560307 0.233710 0.000000 0.011598 0.370883 -0.928607 7.776000 -0.606984 0.740609 0.288216 0.000000 0.000000 0.000000 0.000000 1.000000
0.647578 0.701536 0.297472 -0.000000 -0.003384 0.393028 -0.919520 7.776000 -0.761992 0.594455 0.256890 0.000000 0.000000 0.000000 0.000000 1.000000
0.473013 0.806613 0.354450 -0.000000 -0.063182 0.432321 -0.899504 7.776000 -0.878787 0.403082 0.255457 -0.000000 0.000000 0.000000 0.000000 1.000000</float_array>
        <technique_common>
          <accessor source="#mixamorig_LeftArm-Matrix-animation-output-transform-array" count="20" stride="16">
            <param type="float4x4"/>
          </accessor>
        </technique_common>
      </source>
      <source id="mixamorig_LeftArm-Interpolations">
        <Name_array id="mixamorig_LeftArm-Interpolations-array" count="20">
 LINEAR LINEAR LINEAR LINEAR LINEAR LINEAR LINEAR LINEAR LINEAR LINEAR LINEAR
LINEAR LINEAR LINEAR LINEAR LINEAR LINEAR LINEAR LINEAR LINEAR</Name_array>
        <technique_common>
          <accessor source="#mixamorig_LeftArm-Interpolations-array" count="20">
            <param type="name"/>
          </accessor>
        </technique_common>
      </source>
      <sampler id="mixamorig_LeftArm-Matrix-animation-transform">
